"ROI_left","ROI_right","Q.Mode","Signal,Position..ppm.","Width","Q.Signal","Multiplicity","J.coupling..Hz.","Roof.effect","Shift.tolerance","Intensity","p_value","NA"
-0.023,-0.066,"Baseline Fitting","24_7",-0.00300000000000011,1,1,1,0,0,0.001,0,NA
-0.023,-0.066,"Baseline Fitting","24_8",-0.0860000000000003,1,1,1,0,0,0.001,0,NA
-0.019,0.024,"Baseline Fitting","24_6",0.000999999999999446,1,1,1,0,0,0.001,0,NA
-0.019,0.024,"Baseline Fitting","24_5",0.00399999999999956,1,1,1,0,0,0.001,0,NA
0.064,0.141,"Baseline Fitting","24_4",0.0839999999999996,1,1,1,0,0,0.001,0,NA
0.064,0.141,"Baseline Fitting","108_1",0.121,1,1,1,0,0,0.001,0,NA
0.148,0.188,"Baseline Fitting","107_1",0.167999999999999,1,1,1,0,0,0.001,0,NA
0.851,0.891,"Baseline Fitting","106_1",0.871,1,1,1,0,0,0.001,0,NA
0.917,1.163,"Baseline Fitting","105_1",0.936999999999999,1,1,1,0,0,0.001,0,NA
0.917,1.163,"Baseline Fitting","23_11",0.965,1,1,1,0,0,0.001,0,NA
0.917,1.163,"Baseline Fitting","23_10",0.975999999999999,1,1,1,0,0,0.001,0,NA
0.917,1.163,"Baseline Fitting","23_9",1.001,1,1,1,0,0,0.001,0,NA
0.917,1.163,"Baseline Fitting","104_1",1.02,1,1,1,0,0,0.001,0,NA
0.917,1.163,"Baseline Fitting","103_1",1.042,1,1,1,0,0,0.001,0,NA
0.917,1.163,"Baseline Fitting","23_8",1.052,1,1,1,0,0,0.001,0,NA
0.917,1.163,"Baseline Fitting","20_2",1.071,1,1,1,0,0,0.001,0,NA
0.917,1.163,"Baseline Fitting","20_1",1.081,1,1,1,0,0,0.001,0,NA
0.917,1.163,"Baseline Fitting","19_2",1.103,1,1,1,0,0,0.001,0,NA
0.917,1.163,"Baseline Fitting","19_1",1.113,1,1,1,0,0,0.001,0,NA
0.917,1.163,"Baseline Fitting","102_1",1.143,1,1,1,0,0,0.001,0,NA
1.208,1.293,"Baseline Fitting","18_2",1.228,1,1,1,0,0,0.001,0,NA
1.208,1.293,"Baseline Fitting","18_1",1.238,1,1,1,0,0,0.001,0,NA
1.208,1.293,"Baseline Fitting","101_1",1.248,1,1,1,0,0,0.001,0,NA
1.208,1.293,"Baseline Fitting","100_1",1.273,1,1,1,0,0,0.001,0,NA
1.31,1.381,"Baseline Fitting","23_7",1.33,1,1,1,0,0,0.001,0,NA
1.31,1.381,"Baseline Fitting","23_6",1.34,1,1,1,0,0,0.001,0,NA
1.31,1.381,"Baseline Fitting","99_1",1.361,1,1,1,0,0,0.001,0,NA
1.415,1.455,"Baseline Fitting","98_1",1.435,1,1,1,0,0,0.001,0,NA
1.46,1.511,"Baseline Fitting","23_5",1.48,1,1,1,0,0,0.001,0,NA
1.46,1.511,"Baseline Fitting","23_4",1.491,1,1,1,0,0,0.001,0,NA
1.6,1.663,"Baseline Fitting","97_1",1.62,1,1,1,0,0,0.001,0,NA
1.6,1.663,"Baseline Fitting","96_1",1.643,1,1,1,0,0,0.001,0,NA
1.705,1.755,"Baseline Fitting","17_2",1.725,1,1,1,0,0,0.001,0,NA
1.705,1.755,"Baseline Fitting","17_1",1.735,1,1,1,0,0,0.001,0,NA
1.818,1.858,"Baseline Fitting","95_1",1.838,1,1,1,0,0,0.001,0,NA
1.904,1.944,"Baseline Fitting","94_1",1.924,1,1,1,0,0,0.001,0,NA
1.968,2.083,"Baseline Fitting","93_1",1.988,1,1,1,0,0,0.001,0,NA
1.968,2.083,"Baseline Fitting","92_1",2.025,1,1,1,0,0,0.001,0,NA
1.968,2.083,"Baseline Fitting","91_1",2.045,1,1,1,0,0,0.001,0,NA
1.968,2.083,"Baseline Fitting","90_1",2.063,1,1,1,0,0,0.001,1,NA
2.089,2.153,"Baseline Fitting","22_16",2.109,1,1,1,0,0,0.001,0,NA
2.089,2.153,"Baseline Fitting","89_1",2.133,1,1,1,0,0,0.001,0,NA
2.169,2.209,"Baseline Fitting","88_1",2.189,1,1,1,0,0,0.001,0,NA
2.218,2.322,"Baseline Fitting","87_1",2.238,1,1,1,0,0,0.001,0,NA
2.218,2.322,"Baseline Fitting","22_15",2.257,1,1,1,0,0,0.001,0,NA
2.218,2.322,"Baseline Fitting","22_14",2.27,1,1,1,0,0,0.001,0,NA
2.218,2.322,"Baseline Fitting","22_13",2.278,1,1,1,0,0,0.001,0,NA
2.218,2.322,"Baseline Fitting","86_1",2.302,1,1,1,0,0,0.001,0,NA
2.328,2.389,"Baseline Fitting","22_12",2.348,1,1,1,0,0,0.001,0,NA
2.328,2.389,"Baseline Fitting","85_1",2.369,1,1,1,0,0,0.001,0,NA
2.39,2.43,"Baseline Fitting","84_1",2.41,1,1,1,0,0,0.001,0,NA
2.436,2.487,"Baseline Fitting","23_3",2.456,1,1,1,0,0,0.001,0,NA
2.436,2.487,"Baseline Fitting","23_2",2.467,1,1,1,0,0,0.001,0,NA
2.512,2.63,"Baseline Fitting","16_4",2.532,1,1,1,0,0,0.001,0,NA
2.512,2.63,"Baseline Fitting","16_3",2.555,1,1,1,0,0,0.001,0,NA
2.512,2.63,"Baseline Fitting","83_1",2.588,1,1,1,0,0,0.001,0,NA
2.512,2.63,"Baseline Fitting","82_1",2.61,1,1,1,0,0,0.001,0,NA
2.659,2.748,"Baseline Fitting","16_2",2.679,1,1,1,0,0,0.001,0,NA
2.659,2.748,"Baseline Fitting","16_1",2.702,1,1,1,0,0,0.001,0,NA
2.659,2.748,"Baseline Fitting","81_1",2.728,1,1,1,0,0,0.001,0,NA
2.762,2.965,"Baseline Fitting","15_2",2.782,1,1,1,0,0,0.001,0,NA
2.762,2.965,"Baseline Fitting","15_1",2.809,1,1,1,0,0,0.001,0,NA
2.762,2.965,"Baseline Fitting","80_1",2.835,1,1,1,0,0,0.001,0,NA
2.762,2.965,"Baseline Fitting","79_1",2.859,1,1,1,0,0,0.001,0,NA
2.762,2.965,"Baseline Fitting","78_1",2.878,1,1,1,0,0,0.001,0,NA
2.762,2.965,"Baseline Fitting","77_1",2.895,1,1,1,0,0,0.001,0,NA
2.762,2.965,"Baseline Fitting","76_1",2.907,1,1,1,0,0,0.001,0,NA
2.762,2.965,"Baseline Fitting","75_1",2.933,1,1,1,0,0,0.001,0,NA
2.762,2.965,"Baseline Fitting","14_2",2.945,1,1,1,0,0,0.001,0,NA
3.001,3.068,"Baseline Fitting","74_1",3.021,1,1,1,0,0,0.001,0,NA
3.001,3.068,"Baseline Fitting","14_1",3.048,1,1,1,0,0,0.001,0,NA
3.102,3.142,"Baseline Fitting","73_1",3.122,1,1,1,0,0,0.001,0,NA
3.178,3.25,"Baseline Fitting","72_1",3.198,1,1,1,0,0,0.001,0,NA
3.178,3.25,"Baseline Fitting","71_1",3.23,1,1,1,0,0,0.001,0,NA
3.25,3.324,"Baseline Fitting","70_1",3.27,1,1,1,0,0,0.001,0,NA
3.25,3.324,"Baseline Fitting","69_1",3.304,1,1,1,0,0,0.001,0,NA
3.337,3.377,"Baseline Fitting","68_1",3.357,1,1,1,0,0,0.001,0,NA
3.404,3.539,"Baseline Fitting","67_1",3.424,1,1,1,0,0,0.001,0,NA
3.404,3.539,"Baseline Fitting","66_1",3.433,1,1,1,0,0,0.001,0,NA
3.404,3.539,"Baseline Fitting","65_1",3.452,1,1,1,0,0,0.001,0,NA
3.404,3.539,"Baseline Fitting","64_1",3.484,1,1,1,0,0,0.001,0,NA
3.404,3.539,"Baseline Fitting","63_1",3.519,1,1,1,0,0,0.001,0,NA
3.547,3.587,"Baseline Fitting","23_1",3.567,1,1,1,0,0,0.001,0,NA
3.602,3.712,"Baseline Fitting","62_1",3.622,1,1,1,0,0,0.001,0,NA
3.602,3.712,"Baseline Fitting","61_1",3.659,1,1,1,0,0,0.001,0,NA
3.602,3.712,"Baseline Fitting","60_1",3.692,1,1,1,0,0,0.001,0,NA
3.714,3.754,"Baseline Fitting","59_1",3.734,1,1,1,0,0,0.001,0,NA
3.76,3.836,"Baseline Fitting","13_3",3.78,1,1,1,0,0,0.001,0,NA
3.76,3.836,"Baseline Fitting","13_2",3.804,1,1,1,0,0,0.001,0,NA
3.76,3.836,"Baseline Fitting","13_1",3.816,1,1,1,0,0,0.001,0,NA
3.93,3.998,"Baseline Fitting","58_1",3.95,1,1,1,0,0,0.001,0,NA
3.93,3.998,"Baseline Fitting","3_10",3.971,1,1,1,0,0,0.001,0,NA
3.93,3.998,"Baseline Fitting","3_9",3.978,1,1,1,0,0,0.001,0,NA
4.02,4.118,"Baseline Fitting","57_1",4.04,1,1,1,0,0,0.001,1,NA
4.02,4.118,"Baseline Fitting","56_1",4.06,1,1,1,0,0,0.001,1,NA
4.02,4.118,"Baseline Fitting","55_1",4.098,1,1,1,0,0,0.001,0,NA
4.137,4.177,"Baseline Fitting","54_1",4.157,1,1,1,0,0,0.001,0,NA
4.271,4.326,"Baseline Fitting","53_1",4.291,1,1,1,0,0,0.001,0,NA
4.271,4.326,"Baseline Fitting","52_1",4.298,1,1,1,0,0,0.001,0,NA
4.271,4.326,"Baseline Fitting","51_1",4.306,1,1,1,0,0,0.001,0,NA
4.383,4.627,"Baseline Fitting","50_1",4.403,1,1,1,0,0,0.001,0,NA
4.383,4.627,"Baseline Fitting","49_1",4.417,1,1,1,0,0,0.001,0,NA
4.383,4.627,"Baseline Fitting","21_8",4.443,1,1,1,0,0,0.001,0,NA
4.383,4.627,"Baseline Fitting","48_1",4.468,1,1,1,0,0,0.001,0,NA
4.383,4.627,"Baseline Fitting","47_1",4.484,1,1,1,0,0,0.001,0,NA
4.383,4.627,"Baseline Fitting","12_2",4.519,1,1,1,0,0,0.001,0,NA
4.383,4.627,"Baseline Fitting","12_1",4.53,1,1,1,0,0,0.001,0,NA
4.383,4.627,"Baseline Fitting","46_1",4.557,1,1,1,0,0,0.001,0,NA
4.383,4.627,"Baseline Fitting","45_1",4.592,1,1,1,0,0,0.001,0,NA
4.383,4.627,"Baseline Fitting","44_1",4.607,1,1,1,0,0,0.001,0,NA
4.639,4.714,"Baseline Fitting","43_1",4.659,1,1,1,0,0,0.001,0,NA
4.639,4.714,"Baseline Fitting","11_2",4.686,1,1,1,0,0,0.001,0,NA
4.639,4.714,"Baseline Fitting","11_1",4.694,1,1,1,0,0,0.001,0,NA
4.746,4.8,"Baseline Fitting","24_3",4.766,1,1,1,0,0,0.001,0,NA
4.746,4.8,"Baseline Fitting","24_2",4.77,1,1,1,0,0,0.001,0,NA
4.746,4.8,"Baseline Fitting","24_1",4.78,1,1,1,0,0,0.001,0,NA
5.001,5.041,"Baseline Fitting","42_1",5.021,1,1,1,0,0,0.001,0,NA
5.05,5.119,"Baseline Fitting","10_2",5.07,1,1,1,0,0,0.001,0,NA
5.05,5.119,"Baseline Fitting","10_1",5.081,1,1,1,0,0,0.001,0,NA
5.05,5.119,"Baseline Fitting","41_1",5.099,1,1,1,0,0,0.001,0,NA
5.711,5.751,"Baseline Fitting","9_5",5.731,1,1,1,0,0,0.001,0,NA
5.757,5.797,"Baseline Fitting","9_4",5.777,1,1,1,0,0,0.001,0,NA
5.831,5.88,"Baseline Fitting","9_3",5.851,1,1,1,0,0,0.001,0,NA
5.831,5.88,"Baseline Fitting","9_2",5.86,1,1,1,0,0,0.001,0,NA
5.906,5.946,"Baseline Fitting","9_1",5.926,1,1,1,0,0,0.001,0,NA
6.573,6.613,"Baseline Fitting","40_1",6.593,1,1,1,0,0,0.001,0,NA
6.646,6.699,"Baseline Fitting","1_2",6.666,1,1,1,0,0,0.001,0,NA
6.646,6.699,"Baseline Fitting","39_1",6.679,1,1,1,0,0,0.001,0,NA
6.838,6.93,"Baseline Fitting","38_1",6.858,1,1,1,0,0,0.001,0,NA
6.838,6.93,"Baseline Fitting","8_2",6.862,1,1,1,0,0,0.001,0,NA
6.838,6.93,"Baseline Fitting","8_1",6.874,1,1,1,0,0,0.001,0,NA
6.838,6.93,"Baseline Fitting","7_2",6.898,1,1,1,0,0,0.001,0,NA
6.838,6.93,"Baseline Fitting","7_1",6.91,1,1,1,0,0,0.001,0,NA
7.008,7.085,"Baseline Fitting","37_1",7.028,1,1,1,0,0,0.001,0,NA
7.008,7.085,"Baseline Fitting","36_1",7.065,1,1,1,0,0,0.001,0,NA
7.146,7.242,"Baseline Fitting","35_1",7.166,1,1,1,0,0,0.001,0,NA
7.146,7.242,"Baseline Fitting","34_1",7.178,1,1,1,0,0,0.001,0,NA
7.146,7.242,"Baseline Fitting","33_1",7.192,1,1,1,0,0,0.001,0,NA
7.146,7.242,"Baseline Fitting","22_11",7.205,1,1,1,0,0,0.001,0,NA
7.146,7.242,"Baseline Fitting","22_10",7.218,1,1,1,0,0,0.001,0,NA
7.146,7.242,"Baseline Fitting","22_9",7.222,1,1,1,0,0,0.001,0,NA
7.258,7.397,"Baseline Fitting","22_8",7.278,1,1,1,0,0,0.001,0,NA
7.258,7.397,"Baseline Fitting","22_7",7.29,1,1,1,0,0,0.001,0,NA
7.258,7.397,"Baseline Fitting","32_1",7.312,1,1,1,0,0,0.001,0,NA
7.258,7.397,"Baseline Fitting","6_2",7.328,1,1,1,0,0,0.001,0,NA
7.258,7.397,"Baseline Fitting","6_1",7.34,1,1,1,0,0,0.001,0,NA
7.258,7.397,"Baseline Fitting","22_6",7.354,1,1,1,0,0,0.001,0,NA
7.258,7.397,"Baseline Fitting","22_5",7.366,1,1,1,0,0,0.001,0,NA
7.258,7.397,"Baseline Fitting","22_4",7.377,1,1,1,0,0,0.001,0,NA
7.398,7.459,"Baseline Fitting","22_3",7.418,1,1,1,0,0,0.001,0,NA
7.398,7.459,"Baseline Fitting","22_2",7.428,1,1,1,0,0,0.001,0,NA
7.398,7.459,"Baseline Fitting","22_1",7.439,1,1,1,0,0,0.001,0,NA
7.482,7.587,"Baseline Fitting","5_2",7.502,1,1,1,0,0,0.001,0,NA
7.482,7.587,"Baseline Fitting","5_1",7.514,1,1,1,0,0,0.001,0,NA
7.482,7.587,"Baseline Fitting","3_8",7.545,1,1,1,0,0,0.001,0,NA
7.482,7.587,"Baseline Fitting","3_7",7.556,1,1,1,0,0,0.001,0,NA
7.482,7.587,"Baseline Fitting","3_6",7.567,1,1,1,0,0,0.001,0,NA
7.612,7.792,"Baseline Fitting","3_5",7.632,1,1,1,0,0,0.001,0,NA
7.612,7.792,"Baseline Fitting","3_4",7.642,1,1,1,0,0,0.001,0,NA
7.612,7.792,"Baseline Fitting","3_3",7.653,1,1,1,0,0,0.001,0,NA
7.612,7.792,"Baseline Fitting","31_1",7.678,1,1,1,0,0,0.001,0,NA
7.612,7.792,"Baseline Fitting","30_1",7.704,1,1,1,0,0,0.001,0,NA
7.612,7.792,"Baseline Fitting","29_1",7.715,1,1,1,0,0,0.001,0,NA
7.612,7.792,"Baseline Fitting","28_1",7.743,1,1,1,0,0,0.001,0,NA
7.612,7.792,"Baseline Fitting","4_2",7.76,1,1,1,0,0,0.001,0,NA
7.612,7.792,"Baseline Fitting","4_1",7.772,1,1,1,0,0,0.001,0,NA
7.814,7.864,"Baseline Fitting","3_2",7.834,1,1,1,0,0,0.001,0,NA
7.814,7.864,"Baseline Fitting","3_1",7.844,1,1,1,0,0,0.001,0,NA
7.886,7.926,"Baseline Fitting","27_1",7.906,1,1,1,0,0,0.001,0,NA
8.057,8.117,"Baseline Fitting","21_7",8.077,1,1,1,0,0,0.001,0,NA
8.057,8.117,"Baseline Fitting","21_6",8.088,1,1,1,0,0,0.001,0,NA
8.057,8.117,"Baseline Fitting","21_5",8.097,1,1,1,0,0,0.001,0,NA
8.174,8.236,"Baseline Fitting","2_2",8.194,1,1,1,0,0,0.001,0,NA
8.174,8.236,"Baseline Fitting","2_1",8.216,1,1,1,0,0,0.001,0,NA
8.314,8.354,"Baseline Fitting","1_1",8.334,1,1,1,0,0,0.001,0,NA
8.364,8.404,"Baseline Fitting","26_1",8.384,1,1,1,0,0,0.001,0,NA
8.442,8.482,"Baseline Fitting","25_1",8.462,1,1,1,0,0,0.001,0,NA
8.81,8.874,"Baseline Fitting","21_4",8.83,1,1,1,0,0,0.001,0,NA
8.81,8.874,"Baseline Fitting","21_3",8.84,1,1,1,0,0,0.001,0,NA
8.81,8.874,"Baseline Fitting","21_2",8.854,1,1,1,0,0,0.001,0,NA
9.107,9.147,"Baseline Fitting","21_1",9.127,1,1,1,0,0,0.001,0,NA
